fte.ecsv
# %ECSV 1.0
# ---
# datatype:
# - {name: year, datatype: int64}
# - {name: rust-sot, datatype: float64}
# - {name: teal-fot, datatype: float64}
# - {name: blue-mse, datatype: float64}
# - {name: green-ds, datatype: float64}
# - {name: purple-inst, datatype: float64}
# - {name: orange-pub, datatype: float64}
# - {name: blue-msfc, datatype: float64}
# schema: astropy-2.0
year rust-sot teal-fot blue-mse green-ds purple-inst orange-pub blue-msfc
1999 74.72627737226279 73.76824817518249 25.547445255474454 54.92700729927007 45.346715328467155 5.748175182481752 39.5985401459854
2000 83.02919708029198 82.70985401459855 25.547445255474454 52.0529197080292 44.06934306569343 5.748175182481752 29.379562043795623
2001 86.22262773722629 70.89416058394161 21.076642335766426 53.96897810218979 45.346715328467155 6.386861313868613 22.99270072992701
2002 84.3065693430657 77.91970802919708 21.076642335766426 57.16240875912409 42.791970802919714 9.26094890510949 18.52189781021898
2003 82.07116788321169 70.89416058394161 18.52189781021898 54.60766423357665 36.08576642335767 10.218978102189782 19.16058394160584
2004 75.36496350364963 67.38138686131387 18.52189781021898 50.77554744525548 30.656934306569344 14.05109489051095 18.20255474452555
2005 66.10401459854015 62.27189781021898 18.52189781021898 49.81751824817518 26.824817518248178 13.731751824817518 19.47992700729927
2006 63.229927007299274 51.41423357664234 18.52189781021898 47.26277372262774 25.866788321167885 11.177007299270073 19.7992700729927
2007 56.84306569343066 49.49817518248175 17.244525547445257 45.346715328467155 22.99270072992701 12.135036496350367 18.52189781021898
2008 60.675182481751825 49.49817518248175 18.20255474452555 45.98540145985402 22.034671532846716 10.857664233576642 19.47992700729927
2009 60.675182481751825 47.901459854014604 18.52189781021898 46.94343065693431 21.076642335766426 11.815693430656935 19.47992700729927
2010 60.675182481751825 46.30474452554745 16.605839416058394 43.43065693430657 17.563868613138688 11.177007299270073 15.647810218978103
2011 56.52372262773723 44.06934306569343 16.605839416058394 39.917883211678834 15.647810218978103 12.135036496350367 13.731751824817518
2012 56.52372262773723 41.51459854014599 15.647810218978103 38.64051094890511 10.218978102189782 11.177007299270073 15.647810218978103
2013 48.540145985401466 41.51459854014599 16.605839416058394 41.51459854014599 10.218978102189782 10.218978102189782 16.605839416058394
2014 48.540145985401466 40.87591240875913 16.286496350364963 39.917883211678834 10.218978102189782 8.302919708029197 15.647810218978103
2015 48.540145985401466 40.237226277372265 15.328467153284672 42.47262773722628 9.26094890510949 8.302919708029197 16.605839416058394
2016 48.540145985401466 41.51459854014599 14.05109489051095 43.111313868613145 10.218978102189782 7.344890510948906 15.647810218978103
2017 48.540145985401466 41.51459854014599 14.05109489051095 45.346715328467155 10.218978102189782 7.344890510948906 15.647810218978103
2018 52.0529197080292 40.237226277372265 14.05109489051095 46.30474452554745 10.218978102189782 8.302919708029197 14.689781021897812
2019 53.96897810218979 40.237226277372265 12.773722627737227 47.26277372262774 10.218978102189782 7.344890510948906 14.689781021897812
2020 58.120437956204384 40.87591240875913 12.773722627737227 44.06934306569343 10.857664233576642 8.302919708029197 14.689781021897812
2021 53.649635036496356 40.87591240875913 11.177007299270073 44.70802919708029 10.857664233576642 7.344890510948906 14.689781021897812
2022 51.41423357664234 40.87591240875913 10.857664233576642 43.111313868613145 10.857664233576642 7.344890510948906 15.647810218978103
2023 44.38868613138686 40.87591240875913 9.89963503649635 41.83394160583942 10.857664233576642 8.302919708029197 14.689781021897812
2024 42.791970802919714 40.87591240875913 9.89963503649635 41.51459854014599 10.218978102189782 6.386861313868613 14.689781021897812
2025 42.791970802919714 40.87591240875913 8.94160583941606 40.556569343065696 9.89963503649635 7.344890510948906 14.689781021897812
2026 42.791970802919714 40.87591240875913 8.94160583941606 39.5985401459854 10.218978102189782 5.428832116788321 14.689781021897812
2027 39.27919708029197 39.5985401459854 8.94160583941606 39.5985401459854 10.857664233576642 3.5127737226277373 15.647810218978103
